term,cur,prev,diff,ma7,z_like,total
idea,27,45,-18,10.286,3.973,72
디자인,26,41,-15,9.714,3.956,68
운세,9,0,9,1.286,3.615,9
별자리,7,0,7,1.0,3.0,7
오늘의,7,0,7,1.0,3.0,8
이도,8,2,6,1.429,2.994,10
어워드,16,26,-10,6.0,2.899,42
수상,21,40,-19,9.429,2.843,66
코웨이,12,14,-2,3.714,2.831,26
각막,6,0,6,0.857,2.67,6
아이콘,10,11,-1,3.0,2.562,21
이주의,5,0,5,0.714,2.323,6
최고,5,0,5,0.714,2.323,5
2025,23,36,-13,12.571,2.294,100
정수기,9,11,-2,2.857,2.283,20
프로,10,11,-1,3.571,2.225,27
강의,5,1,4,0.857,2.151,6
전참시,5,2,3,1.0,2.0,7
손상,4,0,4,0.571,1.953,4
실명,4,0,4,0.571,1.953,4
중단,4,0,4,0.571,1.953,4
21일,5,3,2,1.143,1.864,8
47개,9,17,-8,3.714,1.806,26
2개,7,11,-4,2.571,1.701,18
금상,7,11,-4,2.571,1.701,18
대규모,4,0,4,0.857,1.632,6
포함,7,11,-4,2.714,1.619,19
12개월,3,0,3,0.429,1.554,3
모솔연애,3,0,3,0.429,1.554,3
이상훈,3,0,3,0.429,1.554,3
삼성전자,13,21,-8,7.714,1.399,56
2025년,3,0,3,0.571,1.383,4
공모전,6,12,-6,2.571,1.317,18
본상,6,12,-6,2.571,1.317,18
위기,3,0,3,0.714,1.239,8
턴어라운드,4,0,4,1.429,1.171,10
24개월,2,0,2,0.286,1.117,2
27세,2,0,2,0.286,1.117,2
고백,2,0,2,0.286,1.117,2
논란에,2,0,2,0.286,1.117,2
등장,2,0,2,0.286,1.117,2
럭셔리,2,0,2,0.286,1.117,3
모솔,2,0,2,0.286,1.117,2
벤츠,2,0,2,0.286,1.117,2
소식,2,0,2,0.286,1.117,4
아이키움정기적금,2,0,2,0.286,1.117,2
저축은,2,0,2,0.286,1.117,2
주주,2,0,2,0.286,1.117,2
진심,2,0,2,0.286,1.117,2
출퇴근,2,0,2,0.286,1.117,2
키움저축은행,2,0,2,0.286,1.117,2
현대차,3,2,1,0.857,1.113,6
경동나비엔,6,15,-9,3.0,1.098,21
이유,5,11,-6,2.429,1.005,18
상륙,2,1,1,0.429,0.95,4
에서,4,7,-3,1.857,0.907,13
단독,3,0,3,1.143,0.898,8
기대감,2,1,1,0.571,0.814,4
해킹,3,5,-2,1.286,0.803,9
lg,7,8,-1,4.571,0.774,37
카메라,4,8,-4,2.143,0.754,15
가을,2,2,0,0.714,0.697,5
100개,2,3,-1,0.714,0.697,5
3대,2,3,-1,0.714,0.697,5
밥무새,2,3,-1,0.714,0.697,5
은상,2,3,-1,0.714,0.697,5
기대,3,2,1,1.571,0.634,12
vs,3,5,-2,1.571,0.634,11
롯데카드,3,8,-5,1.571,0.634,11
09월,1,0,1,0.143,0.622,1
100만,1,0,1,0.143,0.622,1
11만전자,1,0,1,0.143,0.622,1
14년,1,0,1,0.143,0.622,1
16살,1,0,1,0.143,0.622,1
1위된,1,0,1,0.143,0.622,1
1일부터,1,0,1,0.143,0.622,1
1주년,1,0,1,0.143,0.622,1
2파전,1,0,1,0.143,0.622,1
3개월만,1,0,1,0.143,0.622,1
40대,1,0,1,0.143,0.622,1
47관왕,1,0,1,0.143,0.622,1
5살,1,0,1,0.143,0.622,1
67,1,0,1,0.143,0.622,1
80,1,0,1,0.143,0.622,2
90,1,0,1,0.143,0.622,1
9월21일,1,0,1,0.143,0.622,1
ai리터러시,1,0,1,0.143,0.622,1
awards,1,0,1,0.143,0.622,1
break,1,0,1,0.143,0.622,1
coway,1,0,1,0.143,0.622,1
csa코스믹,1,0,1,0.143,0.622,1
design,1,0,1,0.143,0.622,1
d램의,1,0,1,0.143,0.622,1
e종목,1,0,1,0.143,0.622,1
gimme,1,0,1,0.143,0.622,1
health,1,0,1,0.143,0.622,1
honored,1,0,1,0.143,0.622,1
icon,1,0,1,0.143,0.622,1
n2,1,0,1,0.143,0.622,1
pro,1,0,1,0.143,0.622,1
purifier,1,0,1,0.143,0.622,1
sh수협은행,1,0,1,0.143,0.622,1
sh첫만남우대예금,1,0,1,0.143,0.622,1
water,1,0,1,0.143,0.622,1
가벼움의,1,0,1,0.143,0.622,1
가족,1,0,1,0.143,0.622,1
간편식까지,1,0,1,0.143,0.622,1
감각적,1,0,1,0.143,0.622,1
감사,1,0,1,0.143,0.622,2
감정적으로,1,0,1,0.143,0.622,1
강균성,1,0,1,0.143,0.622,1
강한,1,0,1,0.143,0.622,1
강화했더니,1,0,1,0.143,0.622,1
개그콘서트,1,0,1,0.143,0.622,1
개인정보,1,0,1,0.143,0.622,3
건강도시,1,0,1,0.143,0.622,1
건강을,1,0,1,0.143,0.622,1
결혼하니,1,0,1,0.143,0.622,1
경남도민,1,0,1,0.143,0.622,1
경영권,1,0,1,0.143,0.622,1
계속되는,1,0,1,0.143,0.622,1
고려저축은행,1,0,1,0.143,0.622,1
고백하며,1,0,1,0.143,0.622,1
고수를,1,0,1,0.143,0.622,1
고조,1,0,1,0.143,0.622,1
고현정,1,0,1,0.143,0.622,1
공연,1,0,1,0.143,0.622,1
관계,1,0,1,0.143,0.622,1
극도로,1,0,1,0.143,0.622,1
근거,1,0,1,0.143,0.622,1
글씨,1,0,1,0.143,0.622,1
금산군,1,0,1,0.143,0.622,1
금요일,1,0,1,0.143,0.622,1
기념축제,1,0,1,0.143,0.622,1
기부로,1,0,1,0.143,0.622,1
기업지배구조보고,1,0,1,0.143,0.622,1
기획사는,1,0,1,0.143,0.622,1
김경일,1,0,1,0.143,0.622,1
김소연,1,0,1,0.143,0.622,1
김우진씨,1,0,1,0.143,0.622,1
깊어지는,1,0,1,0.143,0.622,1
까다로워,1,0,1,0.143,0.622,1
꺼낸,1,0,1,0.143,0.622,1
꾸준한,1,0,1,0.143,0.622,1
나름,1,0,1,0.143,0.622,1
나만의,1,0,1,0.143,0.622,1
나에게만,1,0,1,0.143,0.622,1
노래자랑부터,1,0,1,0.143,0.622,1
노인의,1,0,1,0.143,0.622,1
누나,1,0,1,0.143,0.622,1
눈부신,1,0,1,0.143,0.622,1
뉴발란스,1,0,1,0.143,0.622,1
다다를,1,0,1,0.143,0.622,1
다이어트,1,0,1,0.143,0.622,1
닥터,1,0,1,0.143,0.622,1
담다,1,0,1,0.143,0.622,2
당내,1,0,1,0.143,0.622,1
대로,1,0,1,0.143,0.622,1
대학교서,1,0,1,0.143,0.622,1
더욱,1,0,1,0.143,0.622,1
데이트,1,0,1,0.143,0.622,1
도레이첨단소재,1,0,1,0.143,0.622,1
도박,1,0,1,0.143,0.622,1
도발,1,0,1,0.143,0.622,1
도시락,1,0,1,0.143,0.622,1
도시에서,1,0,1,0.143,0.622,1
독점으로,1,0,1,0.143,0.622,1
돈냄새,1,0,1,0.143,0.622,1
돋보기,1,0,1,0.143,0.622,1
동물농장,1,0,1,0.143,0.622,1
됐지만,1,0,1,0.143,0.622,1
되고,1,0,1,0.143,0.622,1
된다,1,0,1,0.143,0.622,1
될까,1,0,1,0.143,0.622,1
두드러기,1,0,1,0.143,0.622,1
따라와,1,0,1,0.143,0.622,1
레벨업하라,1,0,1,0.143,0.622,1
론칭,1,0,1,0.143,0.622,1
롯데홈쇼핑,1,0,1,0.143,0.622,1
마중물,1,0,1,0.143,0.622,1
마지막,1,0,1,0.143,0.622,1
만나,1,0,1,0.143,0.622,1
만에,1,0,1,0.143,0.622,2
망가파크,1,0,1,0.143,0.622,1
매각,1,0,1,0.143,0.622,1
머니,1,0,1,0.143,0.622,1
명필,1,0,1,0.143,0.622,1
모자회사,1,0,1,0.143,0.622,1
몰렸던,1,0,1,0.143,0.622,1
무인기,1,0,1,0.143,0.622,1
미용실,1,0,1,0.143,0.622,1
미학,1,0,1,0.143,0.622,1
바이오시밀러,1,0,1,0.143,0.622,1
반격,1,0,1,0.143,0.622,2
받는,1,0,1,0.143,0.622,1
밤에,1,0,1,0.143,0.622,1
방어선,1,0,1,0.143,0.622,1
배고,1,0,1,0.143,0.622,1
배려,1,0,1,0.143,0.622,1
배상책임,1,0,1,0.143,0.622,1
백진희와,1,0,1,0.143,0.622,1
버틸까,1,0,1,0.143,0.622,1
법원,1,0,1,0.143,0.622,1
병풍,1,0,1,0.143,0.622,1
보리,1,0,1,0.143,0.622,1
보안이,1,0,1,0.143,0.622,1
보여서,1,0,1,0.143,0.622,1
보이는,1,0,1,0.143,0.622,1
보증,1,0,1,0.143,0.622,1
부끄럽지,1,0,1,0.143,0.622,1
부친상,1,0,1,0.143,0.622,1
부품사들,1,0,1,0.143,0.622,1
북한의,1,0,1,0.143,0.622,1
불러,1,0,1,0.143,0.622,1
불씨,1,0,1,0.143,0.622,1
불장,1,0,1,0.143,0.622,1
뷰티부터,1,0,1,0.143,0.622,1
브이핑크,1,0,1,0.143,0.622,1
블랙,1,0,1,0.143,0.622,1
비대면,1,0,1,0.143,0.622,1
비주력,1,0,1,0.143,0.622,1
빛나는,1,0,1,0.143,0.622,1
빼돌려,1,0,1,0.143,0.622,1
사람,1,0,1,0.143,0.622,1
사연,1,0,1,0.143,0.622,1
산업용,1,0,1,0.143,0.622,1
산책,1,0,1,0.143,0.622,1
서막,1,0,1,0.143,0.622,1
선물로,1,0,1,0.143,0.622,1
선발매,1,0,1,0.143,0.622,1
선택,1,0,1,0.143,0.622,1
섬유,1,0,1,0.143,0.622,1
성장은,1,0,1,0.143,0.622,1
성폭행,1,0,1,0.143,0.622,1
셀럽이슈,1,0,1,0.143,0.622,1
셀트리온,1,0,1,0.143,0.622,1
소중하고,1,0,1,0.143,0.622,1
손댄,1,0,1,0.143,0.622,1
손상돼,1,0,1,0.143,0.622,1
손상으로,1,0,1,0.143,0.622,1
손재철의,1,0,1,0.143,0.622,1
수급에,1,0,1,0.143,0.622,1
수차례,1,0,1,0.143,0.622,1
수칙,1,0,1,0.143,0.622,1
스스로,1,0,1,0.143,0.622,1
스위트케이,1,0,1,0.143,0.622,1
스탬프,1,0,1,0.143,0.622,1
스트리밍,1,0,1,0.143,0.622,1
스티브,1,0,1,0.143,0.622,1
시간대,1,0,1,0.143,0.622,1
시장의,1,0,1,0.143,0.622,1
신보람,1,0,1,0.143,0.622,1
신중론,1,0,1,0.143,0.622,1
신현준,1,0,1,0.143,0.622,1
실명위기,1,0,1,0.143,0.622,1
실적전망,1,0,1,0.143,0.622,1
실형,1,0,1,0.143,0.622,1
싫어,1,0,1,0.143,0.622,1
싶어,1,0,1,0.143,0.622,1
싸기가,1,0,1,0.143,0.622,1
쏟아진다,1,0,1,0.143,0.622,2
아내,1,0,1,0.143,0.622,1
아라미드,1,0,1,0.143,0.622,1
아이맥,1,0,1,0.143,0.622,1
아저씨,1,0,1,0.143,0.622,1
안경의,1,0,1,0.143,0.622,1
안전할까,1,0,1,0.143,0.622,1
않은,1,0,1,0.143,0.622,1
애플사랑,1,0,1,0.143,0.622,1
애플워치,1,0,1,0.143,0.622,2
양천구,1,0,1,0.143,0.622,1
어때,1,0,1,0.143,0.622,1
어라운드,1,0,1,0.143,0.622,1
어려워,1,0,1,0.143,0.622,1
어워드에서,1,0,1,0.143,0.622,1
에스피시스템스,1,0,1,0.143,0.622,1
엘리트,1,0,1,0.143,0.622,1
엘에스이,1,0,1,0.143,0.622,1
엣지,1,0,1,0.143,0.622,1
여유로운,1,0,1,0.143,0.622,1
연비,1,0,1,0.143,0.622,1
연재,1,0,1,0.143,0.622,1
연하,1,0,1,0.143,0.622,1
영업사원,1,0,1,0.143,0.622,1
영탁,1,0,1,0.143,0.622,1
예능썸,1,0,1,0.143,0.622,1
예민,1,0,1,0.143,0.622,1
예민해질,1,0,1,0.143,0.622,1
예심,1,0,1,0.143,0.622,1
오히려,1,0,1,0.143,0.622,1
온라인,1,0,1,0.143,0.622,1
온라인에,1,0,1,0.143,0.622,1
올랐다,1,0,1,0.143,0.622,1
올린,1,0,1,0.143,0.622,1
외환죄,1,0,1,0.143,0.622,1
요구까지,1,0,1,0.143,0.622,1
요즘쇼핑,1,0,1,0.143,0.622,1
욕심,1,0,1,0.143,0.622,1
울면서,1,0,1,0.143,0.622,1
웃음,1,0,1,0.143,0.622,1
