term,cur,prev,diff,ma7,z_like,total
디스플레이,26,2,24,7.857,4.771,71
출시,25,7,18,7.714,4.576,70
전자,13,3,10,2.286,4.265,16
lg,25,11,14,8.714,4.121,70
oled,22,7,15,8.286,3.536,78
ai,27,8,19,11.714,3.456,140
홈투카,8,0,8,1.143,3.314,8
내년,9,0,9,1.571,3.296,16
삼성,24,14,10,10.429,3.209,95
25일,7,0,7,1.0,3.0,7
3월,7,0,7,1.0,3.0,7
개시,7,0,7,1.0,3.0,8
붉은사막,7,0,7,1.0,3.0,7
펄어비스,7,0,7,1.0,3.0,7
한전,7,0,7,1.0,3.0,7
9월,15,6,9,5.286,2.945,42
기아,7,0,7,1.286,2.678,22
스냅드래곤,7,0,7,1.286,2.678,9
서비스,7,2,5,1.286,2.678,9
발광재료,6,0,6,0.857,2.67,6
사업,6,0,6,1.0,2.5,7
탑재,6,1,5,1.0,2.5,7
메타,8,0,8,2.0,2.485,15
애플,8,3,5,2.0,2.485,17
kt,9,1,8,2.571,2.469,18
19일,6,0,6,1.143,2.348,8
퀄컴,6,0,6,1.143,2.348,8
ls일렉트릭,5,0,5,0.714,2.323,5
공기업,5,0,5,0.714,2.323,8
스마트팩토리,5,0,5,0.714,2.323,5
우위,5,0,5,0.714,2.323,5
1위,9,5,4,2.857,2.283,22
삼성디스플레이,8,0,8,2.286,2.275,18
현대차,9,6,3,3.0,2.196,21
장비,8,0,8,2.429,2.178,18
흥행,7,3,4,1.857,2.177,14
모니터,5,0,5,1.0,2.0,15
서밋,5,0,5,1.0,2.0,7
더벨,5,1,4,1.0,2.0,8
dc,4,0,4,0.571,1.953,4
x2,4,0,4,0.571,1.953,4
규모,4,0,4,0.571,1.953,4
수혜,4,0,4,0.571,1.953,4
영우디에스피,4,0,4,0.571,1.953,4
본격화,7,1,6,2.286,1.877,19
오늘의,7,2,5,2.286,1.877,16
전환,5,0,5,1.143,1.864,12
브랜드평판,6,2,4,1.714,1.856,12
엘리트,4,0,4,0.714,1.781,5
스마트폰,6,2,4,1.857,1.753,14
본격,5,1,4,1.286,1.741,11
아이폰,5,2,3,1.286,1.741,13
기반,4,0,4,0.857,1.632,11
폴더블,4,1,3,0.857,1.632,7
최초,4,2,2,0.857,1.632,9
3위,3,0,3,0.429,1.554,4
46억원,3,0,3,0.429,1.554,3
500hz,3,0,3,0.429,1.554,3
799달러,3,0,3,0.429,1.554,3
aoc,3,0,3,0.429,1.554,3
q27g4kd,3,0,3,0.429,1.554,3
to,3,0,3,0.429,1.554,6
개소,3,0,3,0.429,1.554,4
기부,3,0,3,0.429,1.554,4
사피엔반도체,3,0,3,0.429,1.554,3
선익시스템,3,0,3,0.429,1.554,3
알파스캔,3,0,3,0.429,1.554,3
에어컨,3,0,3,0.429,1.554,3
에잇세컨즈,3,0,3,0.429,1.554,3
이렇게,3,0,3,0.429,1.554,3
이사회,3,0,3,0.429,1.554,3
중소,3,0,3,0.429,1.554,3
증시,3,0,3,0.429,1.554,8
직류,3,0,3,0.429,1.554,3
충남,3,0,3,0.429,1.554,3
트루벤치,3,0,3,0.429,1.554,3
한국토지주택공사,3,0,3,0.429,1.554,3
흑자전환,3,0,3,0.429,1.554,4
2위,5,2,3,1.571,1.521,11
글래스,4,0,4,1.0,1.5,7
플랫폼,4,0,4,1.0,1.5,9
별자리,5,0,5,1.714,1.423,12
가격,3,0,3,0.571,1.383,4
공급,3,0,3,0.571,1.383,10
생산성,3,0,3,0.571,1.383,4
패널,3,0,3,0.571,1.383,7
평가,3,1,2,0.571,1.383,4
반도체,9,8,1,4.857,1.293,49
브리핑,4,3,1,1.286,1.272,10
으로,4,5,-1,1.286,1.272,10
운세,5,0,5,2.0,1.243,14
sk,3,0,3,0.714,1.239,9
개막,3,1,2,0.714,1.239,7
노트북,3,2,1,0.714,1.239,11
재생에너지,3,2,1,0.714,1.239,5
공개,8,4,4,4.286,1.21,36
14,2,0,2,0.286,1.117,2
202,2,0,2,0.286,1.117,2
3분기,2,0,2,0.286,1.117,5
4년만에,2,0,2,0.286,1.117,2
6g,2,0,2,0.286,1.117,2
after,2,0,2,0.286,1.117,3
amd,2,0,2,0.286,1.117,2
factory,2,0,2,0.286,1.117,2
it자산,2,0,2,0.286,1.117,2
kpga투어,2,0,2,0.286,1.117,2
lg이노텍,2,0,2,0.286,1.117,2
payment,2,0,2,0.286,1.117,2
p로,2,0,2,0.286,1.117,2
갈망,2,0,2,0.286,1.117,2
개미들,2,0,2,0.286,1.117,2
거점,2,0,2,0.286,1.117,2
거품,2,0,2,0.286,1.117,2
검사,2,0,2,0.286,1.117,2
겨울왕국2,2,0,2,0.286,1.117,2
경고,2,0,2,0.286,1.117,3
고려아연,2,0,2,0.286,1.117,2
공급계약,2,0,2,0.286,1.117,2
국내외,2,0,2,0.286,1.117,2
기대작,2,0,2,0.286,1.117,2
높은데,2,0,2,0.286,1.117,2
다이내믹,2,0,2,0.286,1.117,2
대구,2,0,2,0.286,1.117,3
대구시,2,0,2,0.286,1.117,3
데몬,2,0,2,0.286,1.117,2
동일하이빌,2,0,2,0.286,1.117,2
디스플레이업계,2,0,2,0.286,1.117,2
만행,2,0,2,0.286,1.117,2
맑음,2,0,2,0.286,1.117,2
몰려가는,2,0,2,0.286,1.117,2
미래나노텍,2,0,2,0.286,1.117,2
박찬욱,2,0,2,0.286,1.117,2
발매,2,0,2,0.286,1.117,2
배터리,2,0,2,0.286,1.117,2
백남준,2,0,2,0.286,1.117,2
봄꽃만개,2,0,2,0.286,1.117,2
부품주,2,0,2,0.286,1.117,2
불펜,2,0,2,0.286,1.117,2
생성형,2,0,2,0.286,1.117,4
선봬,2,0,2,0.286,1.117,2
세제,2,0,2,0.286,1.117,2
소액결제,2,0,2,0.286,1.117,2
손잡고,2,0,2,0.286,1.117,3
수익률,2,0,2,0.286,1.117,2
스마트싱스,2,0,2,0.286,1.117,2
스마트싱스와,2,0,2,0.286,1.117,2
시장서,2,0,2,0.286,1.117,2
신한,2,0,2,0.286,1.117,2
신한투자,2,0,2,0.286,1.117,2
싱스,2,0,2,0.286,1.117,2
아산탕정,2,0,2,0.286,1.117,2
아이폰18,2,0,2,0.286,1.117,2
아일랜드,2,0,2,0.286,1.117,2
약진,2,0,2,0.286,1.117,2
업무,2,0,2,0.286,1.117,2
엔비디아에,2,0,2,0.286,1.117,2
여성,2,0,2,0.286,1.117,3
역대,2,0,2,0.286,1.117,2
이끈다,2,0,2,0.286,1.117,2
인비테이셔널,2,0,2,0.286,1.117,2
인터넷,2,0,2,0.286,1.117,2
자산운용,2,0,2,0.286,1.117,2
재료,2,0,2,0.286,1.117,3
전문은행,2,0,2,0.286,1.117,2
제조기업,2,0,2,0.286,1.117,2
중국이,2,0,2,0.286,1.117,2
중소기업,2,0,2,0.286,1.117,2
진화,2,0,2,0.286,1.117,2
첨단,2,0,2,0.286,1.117,2
초격차,2,0,2,0.286,1.117,2
최경주,2,0,2,0.286,1.117,2
추월,2,0,2,0.286,1.117,2
축제,2,0,2,0.286,1.117,2
충남도,2,0,2,0.286,1.117,2
충남제조기술융합센터,2,0,2,0.286,1.117,2
케데헌,2,0,2,0.286,1.117,2
코스피가,2,0,2,0.286,1.117,2
토스뱅크,2,0,2,0.286,1.117,2
파인원,2,0,2,0.286,1.117,2
파크레인,2,0,2,0.286,1.117,2
팬심,2,0,2,0.286,1.117,2
하나마이크론,2,0,2,0.286,1.117,2
헌터스,2,0,2,0.286,1.117,2
헌트릭스,2,0,2,0.286,1.117,2
현대해상,2,0,2,0.286,1.117,2
협업,2,0,2,0.286,1.117,2
화면,2,0,2,0.286,1.117,2
흥행에,2,0,2,0.286,1.117,2
xr,3,0,3,0.857,1.113,6
무한,3,0,3,0.857,1.113,6
인재,3,1,2,0.857,1.113,9
아이폰17,8,5,3,4.571,1.093,39
성장,4,0,4,1.571,1.078,13
기대,4,1,3,1.571,1.078,17
단독,3,0,3,1.0,1.0,11
안경,3,0,3,1.0,1.0,8
8배,2,0,2,0.429,0.95,3
개발,2,0,2,0.429,0.95,6
개선,2,0,2,0.429,0.95,3
계약,2,0,2,0.429,0.95,4
공동,2,0,2,0.429,0.95,7
나온다,2,0,2,0.429,0.95,3
다른,2,0,2,0.429,0.95,3
대화,2,0,2,0.429,0.95,3
성능,2,0,2,0.429,0.95,3
연계,2,0,2,0.429,0.95,3
이틀째,2,0,2,0.429,0.95,3
파트너,2,0,2,0.429,0.95,4
매수,2,1,1,0.429,0.95,9
인텔,3,0,3,1.143,0.898,8
기대감,3,1,2,1.143,0.898,8
로봇,3,1,2,1.143,0.898,11
진출,3,1,2,1.143,0.898,11
중국,3,2,1,1.143,0.898,9
실적,3,4,-1,1.143,0.898,17
구축,2,0,2,0.571,0.814,9
까지,2,0,2,0.571,0.814,4
선택과,2,0,2,0.571,0.814,4
아산캠퍼스,2,0,2,0.571,0.814,4
전체,2,0,2,0.571,0.814,5
점유율,2,0,2,0.571,0.814,7
최주선,2,0,2,0.571,0.814,4
탑재한,2,0,2,0.571,0.814,5
너무,2,1,1,0.571,0.814,4
도약,2,1,1,0.571,0.814,8
휴머노이드,2,1,1,0.571,0.814,4
10주년,2,2,0,0.571,0.814,4
강세,2,2,0,0.571,0.814,11
맥스,2,2,0,0.571,0.814,4
수요,2,2,0,0.571,0.814,4
시민,2,2,0,0.571,0.814,4
전쟁,3,0,3,1.286,0.803,9
6세대,3,1,2,1.429,0.716,10
안전,3,1,2,1.429,0.716,11
2025년,2,0,2,0.714,0.697,6
들썩,2,0,2,0.714,0.697,5
주가,2,1,1,0.714,0.697,11
판매,2,1,1,0.714,0.697,5
만에,2,2,0,0.714,0.697,6
부품사들,2,2,0,0.714,0.697,5
개최,4,3,1,2.286,0.682,36
110만원,1,0,1,0.143,0.622,1
130,1,0,1,0.143,0.622,1
13일부터,1,0,1,0.143,0.622,1
140cm,1,0,1,0.143,0.622,1
150대,1,0,1,0.143,0.622,1
150만,1,0,1,0.143,0.622,1
150여대,1,0,1,0.143,0.622,1
15년,1,0,1,0.143,0.622,1
190억원,1,0,1,0.143,0.622,1
1면,1,0,1,0.143,0.622,1
1천만,1,0,1,0.143,0.622,1
20,1,0,1,0.143,0.622,2
2000대,1,0,1,0.143,0.622,1
2025에서,1,0,1,0.143,0.622,1
2026년형,1,0,1,0.143,0.622,2
20만원부터,1,0,1,0.143,0.622,1
23,1,0,1,0.143,0.622,1
23일부터,1,0,1,0.143,0.622,1
240억,1,0,1,0.143,0.622,1
25주년,1,0,1,0.143,0.622,1
27akp10,1,0,1,0.143,0.622,1
27일,1,0,1,0.143,0.622,1
2억,1,0,1,0.143,0.622,1
300여,1,0,1,0.143,0.622,1
30일부터,1,0,1,0.143,0.622,1
359,1,0,1,0.143,0.622,1
35조7000억원,1,0,1,0.143,0.622,1
380조원,1,0,1,0.143,0.622,1
3년후,1,0,1,0.143,0.622,1
3명의,1,0,1,0.143,0.622,1
3월19일,1,0,1,0.143,0.622,1
46억,1,0,1,0.143,0.622,1
4라인,1,0,1,0.143,0.622,1
4배,1,0,1,0.143,0.622,1
4사구,1,0,1,0.143,0.622,1
4억대,1,0,1,0.143,0.622,1
53,1,0,1,0.143,0.622,1
5g,1,0,1,0.143,0.622,1
60,1,0,1,0.143,0.622,1
600일,1,0,1,0.143,0.622,1
62만원에,1,0,1,0.143,0.622,1
632억,1,0,1,0.143,0.622,1
6개월,1,0,1,0.143,0.622,1
6연속,1,0,1,0.143,0.622,1
799달러부터,1,0,1,0.143,0.622,1
7년,1,0,1,0.143,0.622,1
7연속,1,0,1,0.143,0.622,1
80인치,1,0,1,0.143,0.622,1
83,1,0,1,0.143,0.622,1
8세대,1,0,1,0.143,0.622,3
9월25일,1,0,1,0.143,0.622,1
a11,1,0,1,0.143,0.622,1
a5,1,0,1,0.143,0.622,1
a6,1,0,1,0.143,0.622,1
advance,1,0,1,0.143,0.622,1
against,1,0,1,0.143,0.622,1
aio,1,0,1,0.143,0.622,1
amid,1,0,1,0.143,0.622,1
another,1,0,1,0.143,0.622,1
